$ANSIBLE_VAULT;1.1;AES256
37323762313336613361653539646333393166666563613638396533346663626231336532656661
3463626533333335313962666535396565396134613539300a353732646538316539346263653830
33303731656638383864386433666136646465646265323535376462353639306265626332633939
3634333034323636320a623437363661646233343631616563323238623530666130653833343962
66616439626337353730346664343038623364353131323335333765636366326261383239643866
39636638623536326563336639326361333764653961373663373661656532313035336261383533
37313663643963383665626666653634376438613830643764383665613339393064353766373136
62353865353835316266383039623235313836643037353834356563323564333239313863346363
62636465326439666534336531626262326431303839613063636435383463303230313932333738
63303065623238373835396239613734356436393866643564393364336262303364616363333263
30353763396436643838633332393364366333376334663239356434383832373430626334356366
30316439313866313837313735353535383864386130316138346430333038343934366238653535
36323464383836393632343164383165393732393739333833316230366566323738343438333030
32633130663035636461373736633136336237333538383763666334633533386661323633303631
61343435343230656264636639663062653737393638303737326132643065323632663964393164
33623063343664303235323633653231643130616531316563366332343030356433313064633362
31663066306661306130616563616330313936623736616236636438343033386437
