$ANSIBLE_VAULT;1.1;AES256
35393734376663363430343330326237633234323264386566376333663137643866363266343131
6164353637363166333163663361616132316635393866320a303739313435326431336536303133
62353637623665393061393137666366333933313933356666616436343035663365643561623461
3335303963616564360a383930333433626330346634633764663530353264383163386462323162
66633765383530303965346535393433333333313533303963343564616636303461326639656665
34376566366130316166626334653339656433333633636532633732383037336338343632663865
38356161363832346337313335343833333666623437343837636639376230366131336330326430
34666339376133326538653335656536353965373533353036646362653438383136636534643932
30306462663934306133643463396237613766656435336636313137626532363966636162626466
63383034336638633139616137323266633437623431363238653935396638363238303232653337
32333161343133353262633066333239396136626264363365626264366162343632303430383833
37656137393433323263376365306638646266333661643836633666363430343663353662663061
64393365313832663666336562663235643163356666666437616230666438633133313130643731
34636531393566643331623930616666633431393166616232323738356362393634633331393434
31353639356431653039656162373635343136633930386461613064343264653630316565633966
36363838633639303037306662613834656236366566333039353561376639363230353763633136
62373264323864393136663136646631373966656238393837643631646165383333653734393364
65623936636236613838633931303439613130313535383266616564336363643464393439353230
36353864386633343562303930333962636237613937336330386562323763356637663537323461
38333038363766343635663936346464656239643763386561363030363966373935633165616531
63626333303934373966353237613263613439636437353433393561633233393665336538656264
33396639373134336539666439313032616261383439313462633962393665313534303238346161
62633566376231323665353537643531323832613234623764613131306166326639616636343430
61653437323638306264613466363835316638653939393137613335353236393763623762633638
39346138653338336234646238666261646463343765336338653330376130393736
