$ANSIBLE_VAULT;1.1;AES256
31663339393535393438333836666430393833623533336461363664613837633934636335386162
3237663036646433316662383134636663653730636539340a653930656536336564626135373266
30353537363330313535653630343466646633333436623538643637663462666631623966663964
3430633430643434340a623334653236653466353461643535346562656432393863386164633237
37306562663533663161636366633331343834366565356333323362393535653337343535326438
35333731623061616566356137336166656333663665363932373630316136383532333938313639
31666364333739363636613739346565366565343635343832666338666639653130373838623437
32376132633364333937353263623063643365303731353836653833613266393031383732663331
61613038343536613134396535333937653437383833386339666630353234636634636338633433
62373331313432376665363866636436656466636331396133646134353734633664633936323533
34326263613162316331353161393834396232313036353535313130623363323663393564616430
33333635316130636130
